WRITE
143833713099210496
143833713099210496
143833713099210496
143833713099210496
143833713099210496
143833713099210496
143833713099210496
143833713099210496


READ
1030792151040
1030792151040
1030792151040
1030792151040
1030792151040
1030792151040
1030792151040
1030792151040


WRITE
72057594037927936
72057594037927936
72057594037927936
72057594037927936
72057594037927936
72057594037927936
72057594037927936
72057594037927936


READ
1030792151040
1030792151040
1030792151040
1030792151040
1030792151040
1030792151040
1030792151040
1030792151040


WRITE
18439707199292568067
18423000506960183296
18412304457845200504
18413430357752043128
18413148882775332472
18413993307705464440
18412867407798621816
18411460032915068536


READ
71777214538466338
71777214538466338
71777214538466338
71777214538466338
71777214538466338
71777214538466338
71777214538466338
71777214538466338


READ
18439707199292568067
18423000506960183296
18412304457845200504
18413430357752043128
18413148882775332472
18413993307705464440
18412867407798621816
18411460032915068536


READ
18403678453812471555
18404804302180188160
18403115452338274592
18386471792536059904
18377183118304656090
18378027543234788058
18376901643327945434
18375494268444392154


WRITE
18438018349444315651
18423000506960183296
18412022982868489848
18415119207612307064
18414837732635596408
18413711832728753784
18413430357752043128
18410897082961647224


READ
18403678453812471555
18404804302180188160
18403115452338274592
18386471792536059904
18377183118304656090
18378027543234788058
18376901643327945434
18375494268444392154


WRITE
18439707199304579587
18420748707146498048
18412585932821911160
18413711832728753784
18411741507891779192
18414274782682175096
18411178557938357880
18412867407798621816


READ
18403678453812471555
18404804302180188160
18403115452338274592
18386471792536059904
18377183118304656090
18378027543234788058
18376901643327945434
18375494268444392154


